A=[1 2 3; 2 3 1; 3 1 2];
B=[-1 0 1]';
X=A\B
